000001000101010
000001101111011
000001101010101
000001010101010
000000000000000
000001001100011
000000100000000
000001000000010
000001100000011
000010000000000
000011000001010
000011100010100
000001000010100
000001100000101
000100000000000
000100100000000
000101000000111
000101100001010
000001011001010
000001110101110
000110000000000
000110100000000
000001011110000
000111001010101
000001111001100
000111110101010
000001011001010
000001110101110
001000000000000
001000100000000
000001000110011
001001011110000
000001110100101
001001101011010
000001010101010
001010000000000
000001111001100
001011100000000
000001011111111
000001111110000
001010100000000
000001000001111
000001111111111
001011000000000
000001011001010
000001110101110
001100000000000
001100000000000
000001011110000
000001110101010
001100100000000
000001000111100
001101011111111
000001110010010
001101101100110
000001000000101
001110000000000
000001100001100
001111100000000
000001001100011
000001100010101
001110100000000
000001101011000
000001000011110
001111000000000
000001100000000
000001011000000
001111000000000
000001000001010
010000000000000
000001100011000
010001100000000
000001001100011
000001100101010
010000100000000
000001101011000
000001000111100
010001000000000
000001100000000
000001000001101
010001000000000
000001100110010
010010000000000
000001100000000
010010000000000
000001111111111
010010000000000
000001001100101
000001111001010
010011100010100
010100000010101
000001000000000
000001100000000
010010100010101
010011000010100
000001001101111
000001100110010
010101100000000
000001000000000
010100100000000
000001000111100
000001111011110
010100000111100
000001100000000
010101000000000
000001000001010
000001100010100
010100001100100
010110001100100
000001100001111
000001000011001
010011101100101
010110101100101
000001000000101
000001101101110
010011101101110
010111000000000
000001000000111
000001100001000
010111101111000
010010101111000
000001001100100
000001100011110
010100010000010
011000010000010
000001100110010
000001000011001
010011110000011
011000110000011
000001000010100
000001110001100
010011110001100
000001000011110
011001000000000
000001001011010
000001101010000
011001110010110
010010110010110
000001011001100
000001110101010
010100010100000
011010010100000
000001111001100
000001010101010
010011110100001
011100110100001
000001010101010
011110010100010
010010110100010
000001011001100
000001110100011
010011110100011
000001010101010
100000100000000
000001001010101
100001110100100
010010110100100
000001111001100
100011110100101
010011010100101
000001001100011
010011110100110
100100110100110
010010110100110
000001110100111
100110000000000
010010110100111

// --- Test 23: JMP and CMP ---
000001001101111
101001110110000
000000000000000
000001011111111
000001011111111
000001011111111
000001011011110
000001111011110
100110100000000
101001111111010
000000000000000